-2.041 1.225 0
0.63 -0.146 0
-1.279 0.041 0
-1.5 0.353 0
-0.444 0.268 0
-1.324 1.075 0
-0.078 0.595 0
-0.176 0.137 0
-1.658 -0.767 0
-1.16 1.355 0
-1.77 -1.215 0
-0.108 -1.006 0
-0.262 -0.987 0
0.526 -0.214 0
-0.898 0.399 0
0.012 0.175 0
-2.356 0.219 0
-1.472 -0.256 0
0.943 -0.381 0
0.617 -0.475 0
-0.13 1.721 0
-1.852 0.893 0
0.083 2.081 0
-0.545 1.205 0
-1.065 1.986 0
0.315 1.708 0
0.506 0.509 0
-1.904 0.204 0
-0.48 -1.418 0
-1.548 0.566 0
-1.525 0.189 0
-1.368 2.095 0
-1.175 -0.367 0
-0.583 -0.569 0
-0.981 0.072 0
0.032 1.536 0
0.719 1.174 0
-0.571 -0.351 0
2.228 -2.724 1
2.525 -1.03 1
2.411 -1.569 1
3.155 0.125 1
2.714 -1.675 1
2.842 -1.888 1
1.237 -0.413 1
2.183 0.122 1
2.344 -0.218 1
2.136 -2.827 1
1.076 -2.438 1
1.48 -0.446 1
2.092 -2.097 1
2.069 -2.247 1
2.34 -0.278 1
1.83 -2.243 1
1.864 -2.367 1
2.22 -1.11 1
4.418 -1.343 2
3.878 -2.637 2
3.713 0.308 2
0.026 -3.734 3
-1.024 -2.775 3
-0.461 -1.944 3
0.081 -2.202 3
0.083 -3.679 3
-0.306 -3.802 3
-1.39 -2.065 3
-1.764 -1.77 3
-0.045 -3.669 3
0.468 -4.045 3
-0.288 -2.477 3
-0.195 -1.744 3
0.014 -2.508 3
0.542 -3.504 3
-0.434 -2.228 3
1.454 3.09 4
1.461 4.217 4
2.06 2.531 4
1.328 1.997 4
0.237 2.562 4
0.721 3.305 4
1.661 2.616 4
1.353 3.232 4
-1.261 3.293 5
-3.037 3.054 5
-0.895 3.746 5
-2.227 2.05 5
-0.763 3.28 5
-2.366 2.614 5
-0.761 3.62 5
-1.69 2.988 5
-1.453 2.3 5
-3.35 -3.166 6
-2.482 -1.5 6
-2.975 -2.008 6
-2.701 -1.093 6
-2.691 -0.801 6
-2.39 -1.229 6
-3.091 -1.674 6
-6.615 2.06 7
1.481 0.528 8
