-2.041 1.225
0.026 -3.734
1.454 3.09
-1.261 3.293
-0.895 3.746
0.63 -0.146
-1.279 0.041
2.228 -2.724
-1.5 0.353
2.525 -1.03
-1.024 -2.775
-0.461 -1.944
0.081 -2.202
-0.444 0.268
-1.324 1.075
-0.078 0.595
-0.176 0.137
-1.658 -0.767
-2.227 2.05
2.411 -1.569
3.155 0.125
0.083 -3.679
-0.763 3.28
-1.16 1.355
-1.77 -1.215
-0.108 -1.006
-0.262 -0.987
0.526 -0.214
-0.898 0.399
0.012 0.175
-2.356 0.219
-1.472 -0.256
0.943 -0.381
-2.366 2.614
2.06 2.531
0.617 -0.475
-0.306 -3.802
0.237 2.562
2.714 -1.675
2.842 -1.888
-1.39 -2.065
1.237 -0.413
-0.13 1.721
2.183 0.122
0.721 3.305
-2.482 -1.5
-1.852 0.893
0.083 2.081
-1.764 -1.77
-0.761 3.62
-1.69 2.988
-0.545 1.205
-1.065 1.986
0.315 1.708
2.344 -0.218
-0.045 -3.669
0.468 -4.045
2.136 -2.827
-1.453 2.3
1.661 2.616
0.506 0.509
1.481 0.528
-1.904 0.204
-0.288 -2.477
-2.975 -2.008
1.353 3.232
-0.48 -1.418
-1.548 0.566
1.48 -0.446
-0.195 -1.744
2.092 -2.097
-1.525 0.189
-1.368 2.095
0.014 -2.508
2.069 -2.247
-1.175 -0.367
-0.583 -0.569
-2.701 -1.093
-0.981 0.072
0.032 1.536
2.34 -0.278
0.719 1.174
-2.691 -0.801
-2.39 -1.229
0.542 -3.504
1.83 -2.243
-3.091 -1.674
1.864 -2.367
2.22 -1.11
-0.434 -2.228
-0.571 -0.351
