2.344 -0.218
2.34 -0.278

2.344 -0.218
2.183 0.122

2.34 -0.278
2.525 -1.03

2.525 -1.03
2.22 -1.11

2.22 -1.11
2.411 -1.569

2.411 -1.569
2.714 -1.675

2.714 -1.675
2.842 -1.888

2.411 -1.569
2.092 -2.097

2.092 -2.097
2.069 -2.247

2.069 -2.247
1.864 -2.367

1.864 -2.367
1.83 -2.243

2.069 -2.247
2.228 -2.724

2.228 -2.724
2.136 -2.827

1.83 -2.243
1.076 -2.438

2.183 0.122
1.481 0.528

2.34 -0.278
1.48 -0.446

1.48 -0.446
1.237 -0.413

1.237 -0.413
0.943 -0.381

0.943 -0.381
0.617 -0.475

0.617 -0.475
0.526 -0.214

0.526 -0.214
0.63 -0.146

0.526 -0.214
0.012 0.175

0.012 0.175
-0.176 0.137

-0.176 0.137
-0.444 0.268

0.012 0.175
-0.078 0.595

-0.444 0.268
-0.898 0.399

-0.898 0.399
-0.981 0.072

-0.981 0.072
-1.279 0.041

-1.279 0.041
-1.525 0.189

-1.525 0.189
-1.5 0.353

-1.5 0.353
-1.548 0.566

-1.279 0.041
-1.472 -0.256

-1.472 -0.256
-1.175 -0.367

-1.525 0.189
-1.904 0.204

-1.548 0.566
-1.852 0.893

-1.852 0.893
-2.041 1.225

-1.904 0.204
-2.356 0.219

-1.472 -0.256
-1.658 -0.767

-1.658 -0.767
-1.77 -1.215

-1.77 -1.215
-1.764 -1.77

-1.764 -1.77
-1.39 -2.065

-1.548 0.566
-1.324 1.075

-1.324 1.075
-1.16 1.355

-0.981 0.072
-0.571 -0.351

-0.571 -0.351
-0.583 -0.569

-0.583 -0.569
-0.262 -0.987

-0.262 -0.987
-0.108 -1.006

-0.262 -0.987
-0.48 -1.418

-0.48 -1.418
-0.195 -1.744

-0.195 -1.744
-0.461 -1.944

-0.461 -1.944
-0.434 -2.228

-0.434 -2.228
-0.288 -2.477

-0.288 -2.477
0.014 -2.508

0.014 -2.508
0.081 -2.202

-0.078 0.595
0.506 0.509

-1.77 -1.215
-2.39 -1.229

-2.39 -1.229
-2.482 -1.5

-2.39 -1.229
-2.701 -1.093

-2.701 -1.093
-2.691 -0.801

-1.16 1.355
-0.545 1.205

-2.482 -1.5
-3.091 -1.674

-3.091 -1.674
-2.975 -2.008

-1.16 1.355
-1.065 1.986

-1.065 1.986
-1.368 2.095

-1.368 2.095
-1.453 2.3

-0.545 1.205
-0.13 1.721

-0.13 1.721
0.032 1.536

0.032 1.536
0.315 1.708

-0.13 1.721
0.083 2.081

0.083 2.081
0.237 2.562

0.315 1.708
0.719 1.174

-1.453 2.3
-1.69 2.988

-1.69 2.988
-1.261 3.293

-1.261 3.293
-0.763 3.28

-0.763 3.28
-0.761 3.62

-0.761 3.62
-0.895 3.746

-1.69 2.988
-2.366 2.614

-2.366 2.614
-2.227 2.05

-0.288 -2.477
-1.024 -2.775

-2.366 2.614
-3.037 3.054

2.344 -0.218
3.155 0.125

3.155 0.125
3.713 0.308

0.237 2.562
0.721 3.305

0.721 3.305
1.353 3.232

1.353 3.232
1.454 3.09

1.454 3.09
1.661 2.616

1.661 2.616
2.06 2.531

1.661 2.616
1.328 1.997

1.353 3.232
1.461 4.217

0.014 -2.508
0.542 -3.504

0.542 -3.504
0.083 -3.679

0.083 -3.679
0.026 -3.734

0.026 -3.734
-0.045 -3.669

-0.045 -3.669
-0.306 -3.802

0.083 -3.679
0.468 -4.045

-2.975 -2.008
-3.35 -3.166

2.842 -1.888
3.878 -2.637

3.878 -2.637
4.418 -1.343

-3.037 3.054
-6.615 2.06

