0.0601332 0
0.376193 1
0.774422 2
0.315317 3
0.497154 4
0.321006 5
0.248502 6
0.616883 7
0.151753 8
0.237539 9
0.128577 10
0.502802 11
0.138105 12
0.778807 13
0.81095 14
0.876256 15
0.245231 16
0.295736 17
0.339282 18
0.276409 19
0.124258 20
0.644606 21
0.191802 22
0.298304 23
0.429535 24
0.472522 25
0.337369 26
0.299608 27
0.287089 28
0.165895 29
0.218341 30
0.354201 31
0.317065 32
0.379297 33
0.446481 34
0.382027 35
0.452249 36
0.543799 37
0.461788 38
0.555032 39
0.476341 40
0.556109 41
0.324493 42
0.589092 43
0.21833 44
0.527034 45
0.155168 46
0.482996 47
0.433014 48
0.3328 49
0.285281 50
0.288647 51
0.303587 52
0.313249 53
0.590298 54
0.620158 55
0.28619 56
0.339436 57
0.292171 58
0.633028 59
0.63337 60
0.35357 61
0.638111 62
0.322009 63
0.221923 64
0.662179 65
0.245904 66
0.331169 67
0.418293 68
0.505051 69
0.669606 70
0.727676 71
0.526371 72
0.49817 73
0.340006 74
0.183935 75
0.772562 76
0.580876 77
0.79404 78
0.802397 79
0.880551 80
0.587242 81
0.886738 82
0.636202 83
0.174256 84
0.517228 85
0.407953 86
0.702887 87
0.990903 88
1.1273 89
0.491229 90
0.0792086 91
0.0962601 92
0.292933 93
0.531207 94
1.21721 95
1.2784 96
1.40215 97
3.71351 98
