0.63 -0.146 0
2.228 -2.724 0
3.878 -2.637 0
2.525 -1.03 0
-0.444 0.268 0
-0.078 0.595 0
-0.176 0.137 0
2.411 -1.569 0
-1.16 1.355 0
0.526 -0.214 0
0.012 0.175 0
0.943 -0.381 0
0.617 -0.475 0
2.714 -1.675 0
2.842 -1.888 0
1.237 -0.413 0
-0.13 1.721 0
-1.69 2.988 0
-0.545 1.205 0
-1.065 1.986 0
2.344 -0.218 0
2.136 -2.827 0
-1.453 2.3 0
0.506 0.509 0
1.481 0.528 0
1.076 -2.438 0
1.48 -0.446 0
2.092 -2.097 0
-1.368 2.095 0
2.069 -2.247 0
0.032 1.536 0
2.34 -0.278 0
0.719 1.174 0
1.83 -2.243 0
1.864 -2.367 0
2.22 -1.11 0
-2.041 1.225 1
0.026 -3.734 1
-3.037 3.054 1
-1.279 0.041 1
-1.5 0.353 1
-0.461 -1.944 1
0.081 -2.202 1
-1.324 1.075 1
-1.658 -0.767 1
-2.227 2.05 1
0.083 -3.679 1
-0.108 -1.006 1
-0.262 -0.987 1
-0.898 0.399 1
-2.356 0.219 1
-1.472 -0.256 1
-2.366 2.614 1
-0.306 -3.802 1
-1.852 0.893 1
-0.045 -3.669 1
0.468 -4.045 1
-1.904 0.204 1
-0.288 -2.477 1
-0.48 -1.418 1
-1.548 0.566 1
-0.195 -1.744 1
-1.525 0.189 1
0.014 -2.508 1
-1.175 -0.367 1
-0.583 -0.569 1
-0.981 0.072 1
0.542 -3.504 1
-0.434 -2.228 1
-0.571 -0.351 1
4.418 -1.343 2
-1.261 3.293 2
-0.895 3.746 2
3.155 0.125 2
-0.763 3.28 2
2.06 2.531 2
1.328 1.997 2
0.237 2.562 2
2.183 0.122 2
0.721 3.305 2
0.083 2.081 2
3.713 0.308 2
-0.761 3.62 2
0.315 1.708 2
-1.024 -2.775 3
-1.77 -1.215 3
-3.35 -3.166 3
-6.615 2.06 3
-1.39 -2.065 3
-2.482 -1.5 3
-1.764 -1.77 3
-2.975 -2.008 3
-2.701 -1.093 3
-2.691 -0.801 3
-2.39 -1.229 3
-3.091 -1.674 3
1.454 3.09 4
1.461 4.217 4
1.661 2.616 4
1.353 3.232 4
