-2.041 1.225 0
1.454 3.09 0
-1.261 3.293 0
-3.037 3.054 0
-0.895 3.746 0
-1.279 0.041 0
-1.5 0.353 0
-0.444 0.268 0
-1.324 1.075 0
-0.078 0.595 0
-0.176 0.137 0
-2.227 2.05 0
-0.763 3.28 0
-1.16 1.355 0
-6.615 2.06 0
-0.898 0.399 0
0.012 0.175 0
-2.356 0.219 0
-2.366 2.614 0
1.461 4.217 0
2.06 2.531 0
1.328 1.997 0
0.237 2.562 0
-0.13 1.721 0
0.721 3.305 0
-1.852 0.893 0
0.083 2.081 0
-0.761 3.62 0
-1.69 2.988 0
-0.545 1.205 0
-1.065 1.986 0
0.315 1.708 0
-1.453 2.3 0
1.661 2.616 0
0.506 0.509 0
-1.904 0.204 0
1.353 3.232 0
-1.548 0.566 0
-1.525 0.189 0
-1.368 2.095 0
-0.981 0.072 0
0.032 1.536 0
0.719 1.174 0
4.418 -1.343 1
0.63 -0.146 1
2.228 -2.724 1
3.878 -2.637 1
2.525 -1.03 1
2.411 -1.569 1
3.155 0.125 1
0.526 -0.214 1
0.943 -0.381 1
0.617 -0.475 1
2.714 -1.675 1
2.842 -1.888 1
1.237 -0.413 1
2.183 0.122 1
3.713 0.308 1
2.344 -0.218 1
2.136 -2.827 1
1.481 0.528 1
1.076 -2.438 1
1.48 -0.446 1
2.092 -2.097 1
2.069 -2.247 1
2.34 -0.278 1
1.83 -2.243 1
1.864 -2.367 1
2.22 -1.11 1
0.026 -3.734 2
-1.024 -2.775 2
-0.461 -1.944 2
0.081 -2.202 2
-1.658 -0.767 2
0.083 -3.679 2
-1.77 -1.215 2
-0.108 -1.006 2
-3.35 -3.166 2
-0.262 -0.987 2
-1.472 -0.256 2
-0.306 -3.802 2
-1.39 -2.065 2
-2.482 -1.5 2
-1.764 -1.77 2
-0.045 -3.669 2
0.468 -4.045 2
-0.288 -2.477 2
-2.975 -2.008 2
-0.48 -1.418 2
-0.195 -1.744 2
0.014 -2.508 2
-1.175 -0.367 2
-0.583 -0.569 2
-2.701 -1.093 2
-2.691 -0.801 2
-2.39 -1.229 2
0.542 -3.504 2
-3.091 -1.674 2
-0.434 -2.228 2
-0.571 -0.351 2
