-2.041 1.225 0
4.418 -1.343 0
0.026 -3.734 0
1.454 3.09 0
-1.261 3.293 0
-3.037 3.054 0
-0.895 3.746 0
0.63 -0.146 0
-1.279 0.041 0
2.228 -2.724 0
-1.5 0.353 0
3.878 -2.637 0
2.525 -1.03 0
-1.024 -2.775 0
-0.461 -1.944 0
0.081 -2.202 0
-0.444 0.268 0
-1.324 1.075 0
-0.078 0.595 0
-0.176 0.137 0
-1.658 -0.767 0
-2.227 2.05 0
2.411 -1.569 0
3.155 0.125 0
0.083 -3.679 0
-0.763 3.28 0
-1.16 1.355 0
-1.77 -1.215 0
-0.108 -1.006 0
-3.35 -3.166 0
-6.615 2.06 0
-0.262 -0.987 0
0.526 -0.214 0
-0.898 0.399 0
0.012 0.175 0
-2.356 0.219 0
-1.472 -0.256 0
0.943 -0.381 0
-2.366 2.614 0
1.461 4.217 0
2.06 2.531 0
0.617 -0.475 0
1.328 1.997 0
-0.306 -3.802 0
0.237 2.562 0
2.714 -1.675 0
2.842 -1.888 0
-1.39 -2.065 0
1.237 -0.413 0
-0.13 1.721 0
2.183 0.122 0
0.721 3.305 0
-2.482 -1.5 0
-1.852 0.893 0
0.083 2.081 0
-1.764 -1.77 0
3.713 0.308 0
-0.761 3.62 0
-1.69 2.988 0
-0.545 1.205 0
-1.065 1.986 0
0.315 1.708 0
2.344 -0.218 0
-0.045 -3.669 0
0.468 -4.045 0
2.136 -2.827 0
-1.453 2.3 0
1.661 2.616 0
0.506 0.509 0
1.481 0.528 0
-1.904 0.204 0
1.076 -2.438 0
-0.288 -2.477 0
-2.975 -2.008 0
1.353 3.232 0
-0.48 -1.418 0
-1.548 0.566 0
1.48 -0.446 0
-0.195 -1.744 0
2.092 -2.097 0
-1.525 0.189 0
-1.368 2.095 0
0.014 -2.508 0
2.069 -2.247 0
-1.175 -0.367 0
-0.583 -0.569 0
-2.701 -1.093 0
-0.981 0.072 0
0.032 1.536 0
2.34 -0.278 0
0.719 1.174 0
-2.691 -0.801 0
-2.39 -1.229 0
0.542 -3.504 0
1.83 -2.243 0
-3.091 -1.674 0
1.864 -2.367 0
2.22 -1.11 0
-0.434 -2.228 0
-0.571 -0.351 0
