-2.041 1.225
-1.324 1.075

-2.041 1.225
-2.227 2.05

-2.041 1.225
-1.16 1.355

-2.041 1.225
-2.356 0.219

-2.041 1.225
-1.852 0.893

-2.041 1.225
-1.368 2.095

4.418 -1.343
3.878 -2.637

4.418 -1.343
2.525 -1.03

4.418 -1.343
3.155 0.125

4.418 -1.343
2.714 -1.675

4.418 -1.343
2.842 -1.888

4.418 -1.343
3.713 0.308

0.026 -3.734
0.083 -3.679

0.026 -3.734
-0.306 -3.802

0.026 -3.734
-0.045 -3.669

0.026 -3.734
0.468 -4.045

1.454 3.09
1.461 4.217

1.454 3.09
2.06 2.531

1.454 3.09
1.328 1.997

1.454 3.09
0.237 2.562

1.454 3.09
0.721 3.305

1.454 3.09
1.661 2.616

1.454 3.09
1.353 3.232

-1.261 3.293
-3.037 3.054

-1.261 3.293
-0.895 3.746

-1.261 3.293
-0.763 3.28

-1.261 3.293
-0.761 3.62

-1.261 3.293
-1.69 2.988

-1.261 3.293
-1.453 2.3

-3.037 3.054
-0.895 3.746

-3.037 3.054
-2.227 2.05

-3.037 3.054
-6.615 2.06

-3.037 3.054
-2.356 0.219

-3.037 3.054
-2.366 2.614

-3.037 3.054
-1.69 2.988

-0.895 3.746
-6.615 2.06

-0.895 3.746
1.461 4.217

-0.895 3.746
-0.761 3.62

0.63 -0.146
0.526 -0.214

0.63 -0.146
0.012 0.175

0.63 -0.146
0.943 -0.381

0.63 -0.146
0.617 -0.475

0.63 -0.146
0.506 0.509

0.63 -0.146
1.481 0.528

-1.279 0.041
-1.5 0.353

-1.279 0.041
-0.898 0.399

-1.279 0.041
-1.472 -0.256

-1.279 0.041
-1.525 0.189

-1.279 0.041
-1.175 -0.367

-1.279 0.041
-0.981 0.072

2.228 -2.724
3.878 -2.637

2.228 -2.724
2.842 -1.888

2.228 -2.724
2.136 -2.827

2.228 -2.724
2.069 -2.247

2.228 -2.724
1.864 -2.367

-1.5 0.353
-0.898 0.399

-1.5 0.353
-1.904 0.204

-1.5 0.353
-1.548 0.566

-1.5 0.353
-1.525 0.189

3.878 -2.637
2.842 -1.888

3.878 -2.637
0.468 -4.045

3.878 -2.637
2.136 -2.827

2.525 -1.03
2.411 -1.569

2.525 -1.03
3.155 0.125

2.525 -1.03
2.714 -1.675

2.525 -1.03
2.34 -0.278

2.525 -1.03
2.22 -1.11

-1.024 -2.775
-3.35 -3.166

-1.024 -2.775
-0.306 -3.802

-1.024 -2.775
-1.39 -2.065

-1.024 -2.775
-0.045 -3.669

-1.024 -2.775
-0.288 -2.477

-1.024 -2.775
-0.434 -2.228

-0.461 -1.944
0.081 -2.202

-0.461 -1.944
-1.39 -2.065

-0.461 -1.944
-0.48 -1.418

-0.461 -1.944
-0.195 -1.744

-0.461 -1.944
-0.434 -2.228

0.081 -2.202
-0.108 -1.006

0.081 -2.202
1.076 -2.438

0.081 -2.202
-0.288 -2.477

0.081 -2.202
-0.195 -1.744

0.081 -2.202
0.014 -2.508

0.081 -2.202
-0.434 -2.228

-0.444 0.268
-0.078 0.595

-0.444 0.268
-0.176 0.137

-0.444 0.268
-0.898 0.399

-0.444 0.268
-0.545 1.205

-0.444 0.268
-0.981 0.072

-0.444 0.268
-0.571 -0.351

-1.324 1.075
-1.16 1.355

-1.324 1.075
-0.898 0.399

-1.324 1.075
-1.852 0.893

-1.324 1.075
-0.545 1.205

-1.324 1.075
-1.548 0.566

-0.078 0.595
-0.176 0.137

-0.078 0.595
0.012 0.175

-0.078 0.595
-0.545 1.205

-0.078 0.595
0.506 0.509

-0.078 0.595
0.032 1.536

-0.078 0.595
0.719 1.174

-0.176 0.137
0.526 -0.214

-0.176 0.137
0.012 0.175

-0.176 0.137
-0.571 -0.351

-1.658 -0.767
-1.77 -1.215

-1.658 -0.767
-2.356 0.219

-1.658 -0.767
-1.472 -0.256

-1.658 -0.767
-1.904 0.204

-1.658 -0.767
-0.48 -1.418

-1.658 -0.767
-1.175 -0.367

-1.658 -0.767
-0.583 -0.569

-1.658 -0.767
-2.691 -0.801

-1.658 -0.767
-2.39 -1.229

-2.227 2.05
-2.356 0.219

-2.227 2.05
-2.366 2.614

-2.227 2.05
-1.453 2.3

-2.227 2.05
-1.368 2.095

2.411 -1.569
2.714 -1.675

2.411 -1.569
2.092 -2.097

2.411 -1.569
2.22 -1.11

3.155 0.125
2.06 2.531

3.155 0.125
2.183 0.122

3.155 0.125
3.713 0.308

3.155 0.125
2.344 -0.218

3.155 0.125
2.34 -0.278

0.083 -3.679
-0.045 -3.669

0.083 -3.679
0.468 -4.045

0.083 -3.679
0.014 -2.508

0.083 -3.679
0.542 -3.504

-0.763 3.28
0.237 2.562

-0.763 3.28
0.721 3.305

-0.763 3.28
-0.761 3.62

-0.763 3.28
-1.065 1.986

-0.763 3.28
-1.453 2.3

-1.16 1.355
-0.545 1.205

-1.16 1.355
-1.065 1.986

-1.16 1.355
-1.368 2.095

-1.77 -1.215
-1.39 -2.065

-1.77 -1.215
-2.482 -1.5

-1.77 -1.215
-1.764 -1.77

-1.77 -1.215
-0.48 -1.418

-1.77 -1.215
-2.39 -1.229

-0.108 -1.006
-0.262 -0.987

-0.108 -1.006
0.526 -0.214

-0.108 -1.006
0.617 -0.475

-0.108 -1.006
1.076 -2.438

-0.108 -1.006
-0.48 -1.418

-0.108 -1.006
-0.195 -1.744

-0.108 -1.006
-0.583 -0.569

-0.108 -1.006
-0.571 -0.351

-3.35 -3.166
-6.615 2.06

-3.35 -3.166
-0.306 -3.802

-3.35 -3.166
-1.39 -2.065

-3.35 -3.166
0.468 -4.045

-3.35 -3.166
-2.975 -2.008

-3.35 -3.166
-3.091 -1.674

-6.615 2.06
-2.356 0.219

-6.615 2.06
-2.691 -0.801

-6.615 2.06
-3.091 -1.674

-0.262 -0.987
-0.48 -1.418

-0.262 -0.987
-0.583 -0.569

0.526 -0.214
0.012 0.175

0.526 -0.214
0.617 -0.475

0.526 -0.214
-0.571 -0.351

-0.898 0.399
-0.545 1.205

-0.898 0.399
-1.548 0.566

-0.898 0.399
-0.981 0.072

0.012 0.175
0.506 0.509

-2.356 0.219
-1.852 0.893

-2.356 0.219
-1.904 0.204

-2.356 0.219
-2.691 -0.801

-1.472 -0.256
-1.904 0.204

-1.472 -0.256
-1.525 0.189

-1.472 -0.256
-1.175 -0.367

0.943 -0.381
0.617 -0.475

0.943 -0.381
1.237 -0.413

0.943 -0.381
1.481 0.528

-2.366 2.614
-1.69 2.988

-2.366 2.614
-1.453 2.3

1.461 4.217
2.06 2.531

1.461 4.217
0.721 3.305

1.461 4.217
3.713 0.308

1.461 4.217
-0.761 3.62

1.461 4.217
1.353 3.232

2.06 2.531
1.328 1.997

2.06 2.531
2.183 0.122

2.06 2.531
3.713 0.308

2.06 2.531
1.661 2.616

2.06 2.531
1.481 0.528

0.617 -0.475
1.237 -0.413

0.617 -0.475
1.076 -2.438

1.328 1.997
0.237 2.562

1.328 1.997
0.315 1.708

1.328 1.997
1.661 2.616

1.328 1.997
1.481 0.528

1.328 1.997
0.719 1.174

-0.306 -3.802
-0.045 -3.669

-0.306 -3.802
0.468 -4.045

0.237 2.562
0.721 3.305

0.237 2.562
0.083 2.081

0.237 2.562
-1.065 1.986

0.237 2.562
0.315 1.708

2.714 -1.675
2.842 -1.888

2.714 -1.675
2.092 -2.097

2.842 -1.888
2.092 -2.097

2.842 -1.888
2.069 -2.247

-1.39 -2.065
-1.764 -1.77

-1.39 -2.065
-2.975 -2.008

-1.39 -2.065
-0.48 -1.418

-1.39 -2.065
-0.434 -2.228

1.237 -0.413
1.481 0.528

1.237 -0.413
1.076 -2.438

1.237 -0.413
1.48 -0.446

1.237 -0.413
1.83 -2.243

-0.13 1.721
0.083 2.081

-0.13 1.721
-0.545 1.205

-0.13 1.721
-1.065 1.986

-0.13 1.721
0.315 1.708

-0.13 1.721
0.032 1.536

2.183 0.122
2.344 -0.218

2.183 0.122
1.481 0.528

2.183 0.122
1.48 -0.446

2.183 0.122
2.34 -0.278

0.721 3.305
-0.761 3.62

0.721 3.305
1.353 3.232

-2.482 -1.5
-1.764 -1.77

-2.482 -1.5
-2.975 -2.008

-2.482 -1.5
-2.701 -1.093

-2.482 -1.5
-2.39 -1.229

-2.482 -1.5
-3.091 -1.674

-1.852 0.893
-1.904 0.204

-1.852 0.893
-1.548 0.566

0.083 2.081
-1.065 1.986

0.083 2.081
0.315 1.708

-1.764 -1.77
-2.975 -2.008

-1.69 2.988
-1.453 2.3

-0.545 1.205
-1.065 1.986

-0.545 1.205
0.032 1.536

-1.065 1.986
-1.453 2.3

-1.065 1.986
-1.368 2.095

0.315 1.708
0.032 1.536

0.315 1.708
0.719 1.174

2.344 -0.218
2.34 -0.278

-0.045 -3.669
-0.288 -2.477

-0.045 -3.669
0.014 -2.508

0.468 -4.045
2.136 -2.827

0.468 -4.045
0.542 -3.504

2.136 -2.827
1.076 -2.438

2.136 -2.827
0.542 -3.504

2.136 -2.827
1.864 -2.367

-1.453 2.3
-1.368 2.095

0.506 0.509
1.481 0.528

0.506 0.509
0.719 1.174

1.481 0.528
1.48 -0.446

1.481 0.528
0.719 1.174

-1.904 0.204
-1.548 0.566

-1.904 0.204
-1.525 0.189

1.076 -2.438
0.014 -2.508

1.076 -2.438
0.542 -3.504

1.076 -2.438
1.83 -2.243

1.076 -2.438
1.864 -2.367

-0.288 -2.477
0.014 -2.508

-0.288 -2.477
-0.434 -2.228

-2.975 -2.008
-3.091 -1.674

-0.48 -1.418
-0.195 -1.744

-0.48 -1.418
-0.583 -0.569

1.48 -0.446
2.34 -0.278

1.48 -0.446
1.83 -2.243

1.48 -0.446
2.22 -1.11

2.092 -2.097
2.069 -2.247

2.092 -2.097
1.83 -2.243

2.092 -2.097
2.22 -1.11

0.014 -2.508
0.542 -3.504

2.069 -2.247
1.83 -2.243

2.069 -2.247
1.864 -2.367

-1.175 -0.367
-0.583 -0.569

-1.175 -0.367
-0.981 0.072

-1.175 -0.367
-0.571 -0.351

-0.583 -0.569
-0.571 -0.351

-2.701 -1.093
-2.691 -0.801

-2.701 -1.093
-2.39 -1.229

-2.701 -1.093
-3.091 -1.674

-0.981 0.072
-0.571 -0.351

0.032 1.536
0.719 1.174

2.34 -0.278
2.22 -1.11

-2.691 -0.801
-2.39 -1.229

-2.691 -0.801
-3.091 -1.674

1.83 -2.243
1.864 -2.367

1.83 -2.243
2.22 -1.11

